以下是进行不同排序后的结果：
插入排序的结果如下：
4 9 22 25 29 29 41 41 54 54 
56 59 68 73 76 81 94 113 115 117 
124 141 143 143 146 149 160 176 177 189 
192 194 196 203 213 216 223 228 236 249 
260 286 292 301 304 304 316 323 327 329 
336 354 356 384 416 417 425 427 449 451 
467 468 473 482 483 486 504 524 528 538 
541 549 556 557 581 586 601 602 609 609 
611 627 648 650 672 675 691 696 711 713 
749 751 772 784 789 799 800 808 809 815 
826 834 837 839 852 867 876 878 889 894 
901 901 912 913 914 933 946 975 1002 1004 
1004 1009 1013 1016 1018 1019 1021 1024 1026 1053 
1055 1061 1072 1076 1081 1099 1108 1112 1114 1116 
1120 1125 1132 1133 1137 1147 1151 1154 1174 1186 
1193 1197 1197 1201 1222 1222 1225 1241 1248 1259 
1265 1283 1287 1294 1317 1319 1330 1334 1338 1341 
1343 1356 1362 1364 1417 1417 1423 1426 1427 1431 
1458 1460 1462 1463 1478 1512 1516 1521 1529 1540 
1544 1544 1546 1549 1557 1586 1588 1589 1601 1625 
1627 1627 1628 1635 1636 1638 1651 1656 1660 1663 
1674 1680 1695 1702 1719 1724 1725 1753 1759 1763 
1764 1764 1770 1784 1819 1833 1834 1882 1886 1904 
1908 1925 1927 1929 1935 1946 1949 1955 1975 1994 
1999 2000 2012 2023 2044 2045 2045 2053 2054 2061 
2089 2126 2143 2155 2159 2162 2165 2169 2169 2171 
2172 2182 2194 2210 2221 2224 2227 2234 2250 2258 
2264 2269 2271 2280 2288 2291 2293 2297 2304 2307 
2318 2325 2337 2356 2357 2364 2369 2387 2393 2405 
2410 2414 2422 2424 2429 2456 2467 2484 2484 2499 
2509 2511 2526 2530 2533 2550 2550 2551 2590 2592 
2594 2599 2601 2605 2608 2610 2620 2626 2626 2635 
2638 2638 2647 2659 2664 2669 2671 2674 2679 2686 
2696 2702 2703 2705 2718 2723 2726 2727 2735 2742 
2746 2759 2761 2799 2801 2814 2819 2836 2844 2849 
2851 2866 2868 2889 2897 2914 2939 2942 2944 2950 
2964 2972 2994 3008 3023 3031 3032 3038 3040 3062 
3065 3074 3094 3103 3143 3153 3170 3187 3196 3196 
3197 3200 3217 3222 3246 3262 3272 3291 3298 3310 
3319 3343 3358 3360 3393 3402 3431 3435 3453 3459 
3482 3488 3528 3557 3558 3562 3585 3585 3603 3623 
3626 3647 3649 3654 3656 3677 3695 3713 3729 3738 
3754 3755 3758 3776 3789 3830 3830 3832 3832 3845 
3848 3851 3852 3870 3879 3883 3926 3937 3942 3960 
3967 3972 3972 3978 3978 3986 3986 3987 3993 4009 
4016 4019 4022 4029 4032 4042 4042 4051 4085 4085 
4099 4100 4115 4130 4145 4147 4156 4170 4180 4182 
4183 4187 4214 4222 4230 4257 4271 4273 4296 4308 
4310 4311 4314 4314 4344 4351 4356 4370 4373 4390 
4414 4415 4424 4424 4430 4461 4473 4475 4475 4485 
4485 4486 4489 4537 4556 4566 4576 4597 4597 4601 
4607 4626 4640 4649 4668 4676 4679 4682 4687 4689 
4694 4701 4709 4722 4723 4735 4737 4746 4758 4767 
4768 4775 4779 4799 4803 4807 4834 4856 4887 4888 
4894 4903 4925 4933 4938 4941 4945 4946 4947 4949 
4956 4963 4971 4976 4990 5003 5022 5031 5050 5072 
5073 5076 5088 5098 5109 5110 5118 5132 5146 5185 
5186 5201 5206 5206 5250 5256 5263 5265 5265 5270 
5270 5282 5314 5346 5348 5403 5412 5424 5455 5458 
5485 5499 5509 5536 5543 5548 5557 5562 5566 5574 
5575 5590 5602 5603 5621 5628 5630 5630 5630 5663 
5687 5700 5706 5707 5722 5735 5749 5760 5761 5787 
5791 5825 5825 5830 5845 5875 5882 5899 5939 5945 
5952 5991 5995 5997 5998 6022 6037 6039 6059 6065 
6073 6078 6086 6106 6114 6130 6140 6143 6154 6155 
6174 6192 6203 6203 6216 6225 6235 6265 6271 6280 
6283 6288 6293 6303 6304 6304 6360 6363 6411 6412 
6414 6419 6423 6424 6424 6429 6440 6440 6440 6464 
6468 6478 6478 6484 6489 6494 6505 6512 6513 6520 
6535 6541 6542 6550 6560 6566 6577 6603 6618 6619 
6631 6634 6635 6642 6653 6655 6668 6680 6688 6699 
6705 6706 6741 6778 6810 6817 6859 6870 6901 6903 
6910 6924 6925 6942 6963 6963 6970 6973 6996 7039 
7068 7087 7089 7104 7110 7111 7125 7130 7153 7158 
7165 7190 7193 7201 7223 7254 7263 7279 7286 7349 
7351 7372 7385 7392 7399 7411 7433 7438 7442 7449 
7452 7463 7480 7488 7490 7492 7506 7507 7517 7519 
7532 7547 7550 7579 7592 7594 7596 7606 7612 7617 
7620 7625 7628 7660 7682 7714 7727 7754 7757 7774 
7808 7814 7816 7826 7831 7842 7862 7865 7865 7871 
7871 7883 7893 7901 7903 7914 7919 7939 7950 7959 
7959 7959 7965 7983 8008 8010 8020 8023 8028 8036 
8061 8071 8076 8083 8088 8113 8115 8116 8117 8128 
8133 8178 8191 8214 8231 8239 8241 8257 8261 8282 
8287 8290 8297 8298 8314 8316 8319 8322 8324 8331 
8353 8361 8366 8381 8393 8398 8406 8424 8434 8444 
8465 8477 8481 8487 8490 8493 8504 8520 8521 8527 
8539 8541 8571 8585 8589 8618 8637 8651 8652 8652 
8663 8667 8679 8684 8686 8690 8693 8697 8705 8713 
8746 8760 8763 8763 8787 8788 8824 8827 8870 8876 
8897 8910 8933 8936 8959 9009 9011 9011 9012 9038 
9073 9088 9091 9142 9153 9157 9162 9169 9171 9175 
9188 9201 9214 9233 9289 9293 9293 9310 9314 9315 
9315 9315 9319 9335 9338 9351 9354 9358 9358 9362 
9370 9375 9376 9406 9422 9459 9497 9498 9504 9511 
9513 9515 9516 9542 9557 9559 9566 9568 9577 9578 
9590 9602 9618 9644 9658 9659 9669 9677 9691 9705 
9712 9735 9759 9764 9782 9790 9791 9797 9802 9813 
9816 9816 9833 9854 9856 9856 9867 9870 9874 9902 
9906 9924 9931 9955 9957 9962 9965 9973 9977 9997 

希尔排序的结果如下：
4 9 22 25 29 29 41 41 54 54 
56 59 68 73 76 81 94 113 115 117 
124 141 143 143 146 149 160 176 177 189 
192 194 196 203 213 216 223 228 236 249 
260 286 292 301 304 304 316 323 327 329 
336 354 356 384 416 417 425 427 449 451 
467 468 473 482 483 486 504 524 528 538 
541 549 556 557 581 586 601 602 609 609 
611 627 648 650 672 675 691 696 711 713 
749 751 772 784 789 799 800 808 809 815 
826 834 837 839 852 867 876 878 889 894 
901 901 912 913 914 933 946 975 1002 1004 
1004 1009 1013 1016 1018 1019 1021 1024 1026 1053 
1055 1061 1072 1076 1081 1099 1108 1112 1114 1116 
1120 1125 1132 1133 1137 1147 1151 1154 1174 1186 
1193 1197 1197 1201 1222 1222 1225 1241 1248 1259 
1265 1283 1287 1294 1317 1319 1330 1334 1338 1341 
1343 1356 1362 1364 1417 1417 1423 1426 1427 1431 
1458 1460 1462 1463 1478 1512 1516 1521 1529 1540 
1544 1544 1546 1549 1557 1586 1588 1589 1601 1625 
1627 1627 1628 1635 1636 1638 1651 1656 1660 1663 
1674 1680 1695 1702 1719 1724 1725 1753 1759 1763 
1764 1764 1770 1784 1819 1833 1834 1882 1886 1904 
1908 1925 1927 1929 1935 1946 1949 1955 1975 1994 
1999 2000 2012 2023 2044 2045 2045 2053 2054 2061 
2089 2126 2143 2155 2159 2162 2165 2169 2169 2171 
2172 2182 2194 2210 2221 2224 2227 2234 2250 2258 
2264 2269 2271 2280 2288 2291 2293 2297 2304 2307 
2318 2325 2337 2356 2357 2364 2369 2387 2393 2405 
2410 2414 2422 2424 2429 2456 2467 2484 2484 2499 
2509 2511 2526 2530 2533 2550 2550 2551 2590 2592 
2594 2599 2601 2605 2608 2610 2620 2626 2626 2635 
2638 2638 2647 2659 2664 2669 2671 2674 2679 2686 
2696 2702 2703 2705 2718 2723 2726 2727 2735 2742 
2746 2759 2761 2799 2801 2814 2819 2836 2844 2849 
2851 2866 2868 2889 2897 2914 2939 2942 2944 2950 
2964 2972 2994 3008 3023 3031 3032 3038 3040 3062 
3065 3074 3094 3103 3143 3153 3170 3187 3196 3196 
3197 3200 3217 3222 3246 3262 3272 3291 3298 3310 
3319 3343 3358 3360 3393 3402 3431 3435 3453 3459 
3482 3488 3528 3557 3558 3562 3585 3585 3603 3623 
3626 3647 3649 3654 3656 3677 3695 3713 3729 3738 
3754 3755 3758 3776 3789 3830 3830 3832 3832 3845 
3848 3851 3852 3870 3879 3883 3926 3937 3942 3960 
3967 3972 3972 3978 3978 3986 3986 3987 3993 4009 
4016 4019 4022 4029 4032 4042 4042 4051 4085 4085 
4099 4100 4115 4130 4145 4147 4156 4170 4180 4182 
4183 4187 4214 4222 4230 4257 4271 4273 4296 4308 
4310 4311 4314 4314 4344 4351 4356 4370 4373 4390 
4414 4415 4424 4424 4430 4461 4473 4475 4475 4485 
4485 4486 4489 4537 4556 4566 4576 4597 4597 4601 
4607 4626 4640 4649 4668 4676 4679 4682 4687 4689 
4694 4701 4709 4722 4723 4735 4737 4746 4758 4767 
4768 4775 4779 4799 4803 4807 4834 4856 4887 4888 
4894 4903 4925 4933 4938 4941 4945 4946 4947 4949 
4956 4963 4971 4976 4990 5003 5022 5031 5050 5072 
5073 5076 5088 5098 5109 5110 5118 5132 5146 5185 
5186 5201 5206 5206 5250 5256 5263 5265 5265 5270 
5270 5282 5314 5346 5348 5403 5412 5424 5455 5458 
5485 5499 5509 5536 5543 5548 5557 5562 5566 5574 
5575 5590 5602 5603 5621 5628 5630 5630 5630 5663 
5687 5700 5706 5707 5722 5735 5749 5760 5761 5787 
5791 5825 5825 5830 5845 5875 5882 5899 5939 5945 
5952 5991 5995 5997 5998 6022 6037 6039 6059 6065 
6073 6078 6086 6106 6114 6130 6140 6143 6154 6155 
6174 6192 6203 6203 6216 6225 6235 6265 6271 6280 
6283 6288 6293 6303 6304 6304 6360 6363 6411 6412 
6414 6419 6423 6424 6424 6429 6440 6440 6440 6464 
6468 6478 6478 6484 6489 6494 6505 6512 6513 6520 
6535 6541 6542 6550 6560 6566 6577 6603 6618 6619 
6631 6634 6635 6642 6653 6655 6668 6680 6688 6699 
6705 6706 6741 6778 6810 6817 6859 6870 6901 6903 
6910 6924 6925 6942 6963 6963 6970 6973 6996 7039 
7068 7087 7089 7104 7110 7111 7125 7130 7153 7158 
7165 7190 7193 7201 7223 7254 7263 7279 7286 7349 
7351 7372 7385 7392 7399 7411 7433 7438 7442 7449 
7452 7463 7480 7488 7490 7492 7506 7507 7517 7519 
7532 7547 7550 7579 7592 7594 7596 7606 7612 7617 
7620 7625 7628 7660 7682 7714 7727 7754 7757 7774 
7808 7814 7816 7826 7831 7842 7862 7865 7865 7871 
7871 7883 7893 7901 7903 7914 7919 7939 7950 7959 
7959 7959 7965 7983 8008 8010 8020 8023 8028 8036 
8061 8071 8076 8083 8088 8113 8115 8116 8117 8128 
8133 8178 8191 8214 8231 8239 8241 8257 8261 8282 
8287 8290 8297 8298 8314 8316 8319 8322 8324 8331 
8353 8361 8366 8381 8393 8398 8406 8424 8434 8444 
8465 8477 8481 8487 8490 8493 8504 8520 8521 8527 
8539 8541 8571 8585 8589 8618 8637 8651 8652 8652 
8663 8667 8679 8684 8686 8690 8693 8697 8705 8713 
8746 8760 8763 8763 8787 8788 8824 8827 8870 8876 
8897 8910 8933 8936 8959 9009 9011 9011 9012 9038 
9073 9088 9091 9142 9153 9157 9162 9169 9171 9175 
9188 9201 9214 9233 9289 9293 9293 9310 9314 9315 
9315 9315 9319 9335 9338 9351 9354 9358 9358 9362 
9370 9375 9376 9406 9422 9459 9497 9498 9504 9511 
9513 9515 9516 9542 9557 9559 9566 9568 9577 9578 
9590 9602 9618 9644 9658 9659 9669 9677 9691 9705 
9712 9735 9759 9764 9782 9790 9791 9797 9802 9813 
9816 9816 9833 9854 9856 9856 9867 9870 9874 9902 
9906 9924 9931 9955 9957 9962 9965 9973 9977 9997 

