**编译器需支持C++11标准，否则编译报错**

编译平台：
输入根据提示语句进行键入
输入的index幂指数为非负整数
输入的coef系数不可以为0
测试数据：

--------------------------------------------

样例一

5 6
3 3
1 4
0 0
4 5
2 4
0 7
0 0
输出：6x^5+5x^4+3x^3+4x^2+4x+7
--------------------------------------------

样例二

3 3
1 4
5 6
0 0
0 7
2 4
4 5
0 0
输出：6x^5+5x^4+3x^3+4x^2+4x+7

--------------------------------------------

样例三
5 6
3 3
4 5
1 6
0 0
1 6
3 2
4 2
0 0

 输出：6x^5+7x^4+5x^3+12x
--------------------------------------------

样例四
5 6
0 6
1 4
3 3
0 0
1 -4
0 -6
2 4
5 -6
0 0
输出：3x^3+4x^2
--------------------------------------------

样例五
6 1
5 1
3 -1
0 6
0 0
5 1
4 -1
0 -6
3 1
0 0
输出：x^6+2x^5-x^4
--------------------------------------------
